1.1073	6.7060	1.3259	12.3781	0.8521	10.6399	1.1072	15.6421	0.4993	12.5290	0.8287	16.2755	
3.0000	0.0000	
1.5888	6.0016	1.5868	12.0083	1.1240	8.9383	1.3083	14.5524	0.6594	9.9878	0.9985	14.4120	
3.0000	0.0000	
2.0396	6.6903	1.8317	12.3845	1.4579	8.1393	1.5180	14.0954	0.8949	7.9361	1.1958	13.1134	
3.0000	0.0000	
2.3848	8.5038	2.0716	13.4982	1.8481	8.3587	1.7525	14.2523	1.2884	6.4719	1.4473	12.3090	
3.0000	0.0000	
2.5601	10.7951	2.2309	15.0965	2.1337	9.5567	1.9328	15.0567	1.7336	6.3147	1.6734	12.3001	
1.0000	1.0472	
1.5685	11.6989	1.2422	15.7628	1.1811	10.1670	0.9553	15.4513	0.8534	6.5790	0.7163	12.4440	
3.0000	0.0000	
1.8106	12.0761	1.4235	15.0862	1.4696	9.4557	1.1242	13.9683	1.2973	5.1452	0.8997	10.4016	
3.0000	0.0000	
2.0389	13.1465	1.6280	14.9698	1.7909	9.6542	1.3398	12.9580	1.8943	5.2451	1.1752	8.8521	
3.0000	0.0000	
2.2082	14.7260	1.8102	15.4094	2.0537	10.7029	1.5591	12.6091	2.3104	6.7919	1.5050	8.1670	
3.0000	0.0000	
2.3609	16.7318	1.9972	16.3977	2.2790	12.4189	1.8033	12.9456	2.5659	9.1316	1.8769	8.5362	
1.0000	1.0472	
1.3407	17.4409	0.9906	16.8559	1.2761	13.0824	0.8155	13.2003	1.5591	9.9791	0.9219	8.9042	
3.0000	0.0000	
1.5182	17.0238	1.1597	15.4401	1.5109	12.5701	1.0141	11.4152	1.8547	10.3789	1.2498	7.5028	
3.0000	0.0000	
1.7029	17.1493	1.3602	14.4950	1.7589	12.7444	1.2800	10.1192	2.1164	11.6411	1.6756	7.1527	
3.0000	0.0000	
1.8671	17.7912	1.5651	14.1586	1.9734	13.6364	1.5777	9.7041	2.3047	13.4450	2.0529	8.0463	
3.0000	0.0000	
2.0091	18.8635	1.7632	14.4476	2.1474	15.0449	1.8662	10.1417	2.4379	15.5875	2.3174	9.7689	
1.0000	1.0472	
1.0018	19.2441	0.7731	14.6197	1.1455	15.5328	0.8968	10.4258	1.4242	16.2365	1.3299	10.3811	
3.0000	0.0000	
1.1463	17.7931	0.9418	12.6472	1.3371	14.5471	1.1679	8.8628	1.6123	16.0917	1.6265	10.0893	
3.0000	0.0000	
1.2875	16.8030	1.1386	11.1542	1.5222	14.1702	1.4890	8.1809	1.7722	16.4988	1.8869	10.6966	
3.0000	0.0000	
1.4740	16.2098	1.4144	10.2517	1.7408	14.3176	1.8575	8.4615	1.9511	17.3332	2.1365	11.9393	
3.0000	0.0000	
1.6671	16.2083	1.7152	10.2356	1.9450	15.1271	2.1639	9.7356	2.1089	18.6627	2.3282	13.7944	
1.0000	1.0472	
0.6930	16.3216	0.7772	10.4391	0.9702	15.5422	1.2107	10.3641	1.1176	19.2070	1.3429	14.5260	
3.0000	0.0000	
0.8212	14.1613	1.0185	8.5469	1.1393	14.0576	1.4964	9.7195	1.2595	18.0991	1.5431	14.1601	
3.0000	0.0000	
1.0119	12.3124	1.3778	7.4318	1.3610	13.0925	1.8128	9.9358	1.4368	17.4109	1.7656	14.3767	
3.0000	0.0000	
1.2542	11.0250	1.7926	7.4766	1.6010	12.8121	2.0875	11.0731	1.6182	17.2870	1.9679	15.2494	
3.0000	0.0000	
1.5245	10.4869	2.1338	8.5960	1.8262	13.2114	2.2910	12.7677	1.7866	17.6520	2.1335	16.5905	
1.0000	1.0472	
0.5841	10.4958	1.1894	9.1939	0.8615	13.5124	1.3098	13.4610	0.8046	17.9097	1.1459	17.1756	
3.0000	0.0000	
0.7836	8.1548	1.5173	8.5390	1.0504	11.7822	1.5294	13.0268	0.9348	15.9645	1.3103	16.1653	
3.0000	0.0000	
1.1419	6.3635	1.8773	8.9380	1.3148	10.5962	1.7727	13.2623	1.1178	14.3651	1.5108	15.6752	
3.0000	0.0000	
1.6366	5.8044	2.1624	10.2741	1.6041	10.2604	1.9833	14.1771	1.3235	13.3107	1.7035	15.7827	
3.0000	0.0000	
2.0870	6.6926	2.3598	12.1715	1.8760	10.7799	2.1525	15.6015	1.5421	12.9322	1.8772	16.4376	